0 2 860
2 12 609
14 11 423
25 10 434
35 12 812
47 12 545
59 8 208
67 18 152
85 8 259
93 2 444
95 8 121
103 20 792
123 18 683
141 17 581
158 8 773
166 4 781
170 1 342
171 12 358
183 1 258
184 7 473
191 9 216
200 8 309
208 20 321
228 11 598
239 2 1001
241 20 480
261 13 637
274 20 516
294 15 925
309 19 9
328 4 101
332 20 661
352 1 341
353 4 72
357 16 284
373 9 129
382 7 940
389 2 377
391 4 317
395 8 888
403 16 105
419 6 631
425 17 225
442 16 1008
458 20 840
478 16 500
494 18 32
512 10 915
522 4 750
526 16 448
542 5 1003
547 4 81
551 13 965
564 13 737
577 6 352
583 7 785
590 19 869
609 9 992
618 17 720
635 11 650
646 11 138
657 13 410
670 9 0
679 3 717
682 14 270
696 7 985
703 7 466
710 2 446
712 20 390
732 20 170
752 15 566
767 9 536
776 9 343
785 9 300
794 9 557
803 2 754
805 16 242
821 18 947
839 17 756
856 7 978
863 3 267
866 10 621
876 10 905
886 15 701
901 11 379
912 7 862
919 7 370
926 18 190
944 4 50
948 5 76
953 1 716
954 16 824
970 9 896
979 3 149
982 2 464
984 4 28
988 18 54
1006 16 85
1022 2 681
